1.28125
-0.4658203
-2
-2
0.038085938
0.8251953
-1.0043945
-2
-2
0.5595703
1.0410156
-1.2910156
-2
-1.9941406
0.34423828
0.87939453
-1.3842773
-2
-1.6230469
0.77001953
0.54833984
-1.9570312
-2
-1.3818359
1.1235352
0.56933594
-2
-2
-0.99121094
0.76464844
0.17675781
-2
-2
-0.57714844
1.1362305
-0.1538086
-2
-2
-0.39746094
1.4741211
-0.3486328
-2
-2
-0.26904297
0.9526367
-0.7705078
-2
-2
0.38964844
0.90625
-1.2084961
-2
-2
0.48046875
1.0571289
-1.2758789
-2
-1.7705078
0.42578125
0.70410156
-1.546875
-2
-1.5019531
0.99853516
0.5839844
-2
-2
-1.2783203
1.0307617
0.48779297
-2
-2
-0.89941406
0.76123047
0.027832031
-2
-2
-0.5292969
1.2539062
-0.17382812
-2
-2
-0.40185547
1.4101562
-0.3876953
-2
-2
-0.20947266
0.8803711
-0.85302734
-2
-2
0.4399414
0.9394531
-1.2480469
-2
-2
0.4033203
1.0024414
-1.2875977
-2
-1.7026367
0.5449219
0.6142578
-1.7202148
-2
-1.4418945
1.1298828
0.6279297
-2
-2
-1.0942383
0.87890625
0.33398438
-2
-2
-0.7055664
0.9091797
-0.096191406
-2
-2
-0.4243164
1.4804688
-0.2602539
-2
-2
-0.37158203
1.0893555
-0.625
-2
-2
0.16748047
0.82958984
-1.1293945
-2
-2
0.4790039
1.0209961
-1.3330078
-2
-1.9189453
0.32763672
0.7290039
-1.4804688
-2
-1.5478516
0.8935547
0.5625
-2
-2
-1.2915039
1.0644531
0.49365234
-2
-2
-0.8618164
0.76708984
0.064453125
-2
-2
-0.4897461
1.3129883
-0.18066406
-2
-2
-0.38623047
1.3378906
-0.43798828
-2
-2
-0.12939453
0.84472656
-0.890625
-2
-2
0.4819336
0.97216797
-1.2358398
-2
-2
0.37304688
0.9458008
-1.3203125
-2
-1.7070312
0.5620117
0.5864258
-1.7836914
-2
-1.4492188
1.1123047
0.60791016
-2
-2
-1.0859375
0.82958984
0.2836914
-2
-2
-0.6699219
0.99902344
-0.095703125
-2
-2
-0.4111328
1.4814453
-0.28076172
-2
-2
-0.35351562
1.0224609
-0.69628906
-2
-2
0.23828125
0.8754883
-1.1225586
-2
-2
0.48291016
1.0654297
-1.2871094
-2
-1.8798828
0.3305664
0.73046875
-1.4921875
-2
-1.5698242
0.86816406
0.5722656
-2
-2
-1.3071289
1.0786133
0.53466797
-2
-2
-0.94189453
0.7578125
0.07910156
-2
-2
-0.5722656
1.1762695
-0.13867188
-2
-2
-0.40527344
1.4350586
-0.3413086
-2
-2
-0.32226562
0.9526367
-0.72509766
-2
-2
0.26904297
0.8803711
-1.1391602
-2
-2
0.47558594
1.0336914
-1.2958984
-2
-1.8847656
0.35107422
0.73828125
-1.4418945
-2
-1.5615234
0.84814453
0.5727539
-1.9462891
-2
-1.315918
1.1079102
0.5649414
-2
-2
-0.98095703
0.7519531
0.15966797
-2
-2
-0.6308594
1.0708008
-0.1303711
-2
-2
-0.41845703
1.4404297
-0.29541016
-2
-2
-0.38085938
1.0527344
-0.6611328
-2
-2
0.1459961
0.8198242
-1.0927734
-2
-2
0.5
1.0317383
-1.3061523
-2
-1.9438477
0.32080078
0.8105469
-1.409668
-2
-1.6074219
0.72753906
0.5576172
-1.9101562
-2
-1.3745117
1.1010742
0.5932617
-2
-2
-1.0419922
0.81103516
0.24267578
-2
-2
-0.6953125
0.9428711
-0.099121094
-2
-2
-0.41357422
1.4672852
-0.25634766
-2
-2
-0.37353516
1.1274414
-0.57421875
-2
-2
0.032714844
0.8046875
-1.0175781
-2
-2
0.5048828
0.9946289
-1.2983398
-2
-2
0.3515625
0.89404297
-1.3554688
-2
-1.699707
0.5136719
0.5649414
-1.7363281
-2
-1.4775391
1.0493164
0.56933594
-2
-2
-1.2006836
0.9760742
0.4482422
-2
-2
-0.8745117
0.7480469
0.055664062
-2
-2
-0.56152344
1.175293
-0.13378906
-2
-2
-0.3984375
1.4677734
-0.2915039
-2
-2
-0.38623047
1.1040039
-0.56591797
-2
-2
-0.018554688
0.8173828
-0.9345703
-2
-2
0.42773438
0.9394531
-1.2304688
-2
-2
0.39501953
0.9921875
-1.3134766
-2
-1.9023438
0.32128906
0.7441406
-1.46875
-2
-1.6499023
0.75146484
0.5263672
-1.9111328
-2
-1.425293
1.109375
0.57958984
-2
-2
-1.1391602
0.8823242
0.3569336
-2
-2
-0.8378906
0.78466797
-0.03515625
-2
-2
-0.5126953
1.3232422
-0.17675781
-2
-2
-0.40429688
1.4296875
-0.37158203
-2
-2
-0.30908203
0.96191406
-0.73535156
-2
-2
0.23486328
0.84375
-1.1425781
-2
-2
0.4921875
1.0444336
-1.2949219
-2
-1.9467773
0.328125
0.86279297
-1.3666992
-2
-1.6245117
0.6923828
0.5708008
-1.8237305
-2
-1.4394531
1.1210938
0.61865234
-2
-2
-1.1420898
0.89501953
0.3671875
-2
-2
-0.82128906
0.7910156
-0.0234375
-2
-2
-0.51416016
1.3271484
-0.15966797
-2
-2
-0.42138672
1.4038086
-0.38671875
-2
-2
-0.2998047
0.9194336
-0.74609375
-2
-2
0.2631836
0.8388672
-1.1337891
-2
-2
0.48046875
1.0361328
-1.3076172
-2
-1.9726562
0.27783203
0.8027344
-1.4262695
-2
-1.6469727
0.7270508
0.54052734
-1.902832
-2
-1.3945312
1.1196289
0.5786133
-2
-2
-1.0761719
0.7919922
0.24902344
-2
-2
-0.6948242
0.9633789
-0.068847656
-2
-2
-0.4091797
1.4970703
-0.2368164
-2
-2
-0.37451172
1.1450195
-0.57373047
-2
-2
0.111328125
0.82470703
-1.0395508
-2
-2
0.5058594
1.0131836
-1.3154297
-2
-2
0.2890625
0.8383789
-1.3994141
-2
-1.6923828
0.6225586
0.5493164
-1.8632812
-2
-1.4521484
1.0947266
0.58691406
-2
-2
-1.0839844
0.85009766
0.3388672
-2
-2
-0.7089844
0.94921875
-0.03466797
-2
-2
-0.42382812
1.480957
-0.21191406
-2
-2
-0.40625
1.1865234
-0.55029297
-2
-2
-0.020507812
0.7871094
-1
-2
-2
0.45898438
0.97265625
-1.2978516
-2
-2
0.29492188
0.921875
-1.3295898
-2
-1.7324219
0.5595703
0.5991211
-1.737793
-2
-1.4848633
1.1103516
0.5996094
-2
-2
-1.1923828
0.9213867
0.43310547
-2
-2
-0.7963867
0.8120117
0.020996094
-2
-2
-0.47070312
1.3964844
-0.15917969
-2
-2
-0.40625
1.3579102
-0.40771484
-2
-2
-0.24169922
0.87353516
-0.79248047
-2
-2
0.34033203
0.8588867
-1.2094727
-2
-2
0.4086914
0.99316406
-1.3183594
-2
-1.90625
0.30908203
0.71240234
-1.5024414
-2
-1.597168
0.8442383
0.5307617
-1.9643555
-2
-1.3608398
1.112793
0.5805664
-2
-2
-1.015625
0.73779297
0.20898438
-2
-2
-0.65722656
1.0541992
-0.13232422
-2
-2
-0.41992188
1.5029297
-0.28857422
-2
-2
-0.36523438
1.0068359
-0.6894531
-2
-2
0.2265625
0.85546875
-1.1469727
-2
-2
0.44140625
1.0556641
-1.2788086
-2
-1.8598633
0.34472656
0.7504883
-1.4575195
-2
-1.5375977
0.90625
0.5576172
-1.9511719
-2
-1.2753906
1.0961914
0.56640625
-2
-2
-0.92089844
0.7402344
0.09082031
-2
-2
-0.6010742
1.1572266
-0.19091797
-2
-2
-0.4477539
1.440918
-0.39013672
-2
-2
-0.2919922
0.8989258
-0.8100586
-2
-2
0.37158203
0.8833008
-1.2314453
-2
-2
0.39990234
0.9926758
-1.2978516
-2
-1.7363281
0.45703125
0.65625
-1.6030273
-2
-1.4614258
1.0722656
0.5703125
-2
-2
-1.1459961
0.95703125
0.4033203
-2
-2
-0.7841797
0.82128906
-0.07519531
-2
-2
-0.4375
1.4414062
-0.25195312
-2
-2
-0.39111328
1.1044922
-0.6503906
-2
-2
0.17382812
0.8051758
-1.1640625
-2
-2
0.42333984
1.0117188
-1.3598633
-2
-1.7958984
0.42773438
0.59814453
-1.6928711
-2
-1.4477539
1.1157227
0.5942383
-2
-2
-1.0292969
0.82177734
0.2084961
-2
-2
-0.5864258
1.1582031
-0.118652344
-2
-2
-0.3828125
1.4306641
-0.40185547
-2
-2
-0.14501953
0.8442383
-0.90722656
-2
-2
0.5048828
1
-1.3017578
-2
-2
0.30273438
0.8339844
-1.4208984
-2
-1.6010742
0.7807617
0.5126953
-2
-2
-1.331543
1.065918
0.5151367
-2
-2
-0.87060547
0.7758789
0.025878906
-2
-2
-0.46191406
1.4145508
-0.19726562
-2
-2
-0.38330078
1.1914062
-0.5683594
-2
-2
0.14111328
0.8491211
-1.090332
-2
-2
0.45947266
1.0253906
-1.3125
-2
-1.8457031
0.3569336
0.6958008
-1.5488281
-2
-1.5039062
1.0522461
0.63183594
-2
-2
-1.1704102
0.9296875
0.39013672
-2
-2
-0.7158203
0.9135742
-0.06689453
-2
-2
-0.40771484
1.4819336
-0.26416016
-2
-2
-0.375
1.0087891
-0.7080078
-2
-2
0.24316406
0.86083984
-1.1606445
-2
-2
0.4345703
0.9995117
-1.3056641
-2
-1.8300781
0.375
0.6645508
-1.5786133
-2
-1.5273438
1.0253906
0.5839844
-2
-2
-1.2114258
0.9321289
0.4038086
-2
-2
-0.80908203
0.8027344
-0.05810547
-2
-2
-0.4819336
1.4423828
-0.21826172
-2
-2
-0.39892578
1.1733398
-0.5708008
-2
-2
0.119628906
0.8535156
-1.0405273
-2
-2
0.49804688
1.0551758
-1.2788086
-2
-1.9003906
0.31835938
0.7553711
-1.4619141
-2
-1.5581055
0.9135742
0.5756836
-2
-2
-1.2675781
1.0327148
0.49560547
-2
-2
-0.82421875
0.81347656
0.022949219
-2
-2
-0.47802734
1.3857422
-0.20166016
-2
-2
-0.4560547
1.2006836
-0.5703125
-2
-2
-0.037109375
0.7963867
-1.0322266
-2
-2
0.4560547
1.0092773
-1.293457
-2
-1.9956055
0.31689453
0.8769531
-1.3564453
-2
-1.6166992
0.74658203
0.5854492
-1.8032227
-2
-1.371582
1.1411133
0.6166992
-2
-2
-1.0361328
0.8183594
0.26953125
-2
-2
-0.6694336
0.9711914
-0.09277344
-2
-2
-0.4501953
1.4169922
-0.3154297
-2
-2
-0.4272461
1.0893555
-0.62158203
-2
-2
0.06738281
0.84033203
-1.0297852
-2
-2
0.47998047
1.0004883
-1.2978516
-2
-2
0.2788086
0.8461914
-1.3725586
-2
-1.6821289
0.5932617
0.55078125
-1.8032227
-2
-1.4560547
1.0649414
0.5703125
-2
-2
-1.1586914
0.81103516
0.31054688
-2
-2
-0.7758789
0.88671875
-0.040527344
-2
-2
-0.42773438
1.4589844
-0.2084961
-2
-2
-0.40673828
1.2128906
-0.5136719
-2
-2
0.013183594
0.85058594
-0.95166016
-2
-2
0.47998047
1.0200195
-1.2573242
-2
-2
0.30322266
0.88183594
-1.3540039
-2
-1.6679688
0.6147461
0.57666016
-1.8085938
-2
-1.4438477
1.0761719
0.5625
-2
-2
-1.1152344
0.7949219
0.24853516
-2
-2
-0.7373047
0.9326172
-0.091308594
-2
-2
-0.4399414
1.4492188
-0.25390625
-2
-2
-0.39648438
1.1000977
-0.5957031
-2
-2
0.17285156
0.8613281
-1.0507812
-2
-2
0.47753906
1.0322266
-1.2880859
-2
-1.8876953
0.3125
0.7573242
-1.4375
-2
-1.574707
0.83447266
0.5390625
-1.940918
-2
-1.3271484
1.0576172
0.5234375
-2
-2
-0.95947266
0.71972656
0.083984375
-2
-2
-0.6015625
1.1713867
-0.1796875
-2
-2
-0.45751953
1.409668
-0.3959961
-2
-2
-0.36328125
0.9379883
-0.7480469
-2
-2
0.25732422
0.8491211
-1.1635742
-2
-2
0.43164062
1.1987305
-1.3339844
-2
-1.9223633
0.296875
0.7602539
-1.4633789
-2
-1.6113281
0.81884766
0.5703125
-1.9145508
-2
-1.355957
1.1000977
0.58691406
-2
-2
-1.0273438
0.76220703
0.21289062
-2
-2
-0.6616211
1.0332031
-0.11425781
-2
-2
-0.42822266
1.4672852
-0.2709961
-2
-2
-0.39404297
1.0478516
-0.63427734
-2
-2
0.12988281
0.8076172
-1.1083984
-2
-2
0.4404297
0.99853516
-1.3085938
-2
-1.9428711
0.29638672
0.7939453
-1.4428711
-2
-1.6245117
0.8305664
0.5332031
-1.9570312
-2
-1.3452148
1.0649414
0.52783203
-2
-2
-0.9116211
0.7578125
0.103515625
-2
-2
-0.51220703
1.2988281
-0.13378906
-2
-2
-0.42089844
1.3618164
-0.42285156
-2
-2
-0.11035156
0.8535156
-0.88916016
-2
-2
0.4716797
0.95410156
-1.2900391
-2
-2
0.27392578
0.8618164
-1.390625
-2
-1.6367188
0.6982422
0.5600586
-1.887207
-2
-1.3549805
1.0874023
0.55029297
-2
-2
-0.9526367
0.74316406
0.075683594
-2
-2
-0.55371094
1.2700195
-0.21582031
-2
-2
-0.46240234
1.2583008
-0.53808594
-2
-2
0.012207031
0.7973633
-1.0830078
-2
-2
0.43554688
1.0146484
-1.3110352
-2
-1.8710938
0.35498047
0.72802734
-1.5219727
-2
-1.5024414
1.0639648
0.61376953
-2
-2
-1.137207
0.92041016
0.3774414
-2
-2
-0.6923828
0.9667969
-0.06738281
-2
-2
-0.42822266
1.4760742
-0.31689453
-2
-2
-0.35302734
0.95654297
-0.7636719
-2
-2
0.37597656
0.91015625
-1.2358398
-2
-2
0.33154297
0.9741211
-1.3232422
-2
-1.7036133
0.5625
0.58203125
-1.7719727
-2
-1.4213867
1.1083984
0.5932617
-2
-2
-1.0229492
0.79052734
0.2006836
-2
-2
-0.59765625
1.1401367
-0.1508789
-2
-2
-0.4506836
1.4052734
-0.41552734
-2
-2
-0.2109375
0.8652344
-0.86572266
-2
-2
0.44726562
0.9399414
-1.2875977
-2
-2
0.2993164
0.9111328
-1.3500977
-2
-1.6601562
0.68847656
0.59375
-1.84375
-2
-1.3701172
1.1157227
0.5854492
-2
-2
-0.98291016
0.7651367
0.15673828
-2
-2
-0.58203125
1.2363281
-0.15039062
-2
-2
-0.45166016
1.3632812
-0.44970703
-2
-2
-0.17626953
0.8540039
-0.9057617
-2
-2
0.46826172
0.97558594
-1.2651367
-2
-2
0.3071289
0.9370117
-1.3339844
-2
-1.6694336
0.6489258
0.56347656
-1.8603516
-2
-1.4140625
1.1083984
0.57666016
-2
-2
-1.0102539
0.79248047
0.18652344
-2
-2
-0.56396484
1.2124023
-0.11035156
-2
-2
-0.43066406
1.40625
-0.39892578
-2
-2
-0.21240234
0.8847656
-0.8515625
-2
-2
0.44091797
0.95947266
-1.2568359
-2
-2
0.29492188
0.9370117
-1.3491211
-2
-1.7021484
0.63183594
0.59228516
-1.8393555
-2
-1.4238281
1.1254883
0.59765625
-2
-2
-1.0400391
0.76171875
0.18017578
-2
-2
-0.6176758
1.1328125
-0.13476562
-2
-2
-0.44628906
1.4204102
-0.39941406
-2
-2
-0.25439453
0.8955078
-0.8300781
-2
-2
0.42382812
0.9399414
-1.2265625
-2
-2
0.33789062
0.97998047
-1.2905273
-2
-1.7416992
0.54589844
0.6191406
-1.7285156
-2
-1.4833984
1.1069336
0.60302734
-2
-2
-1.1293945
0.85058594
0.31054688
-2
-2
-0.6879883
1.0058594
-0.060058594
-2
-2
-0.42626953
1.4887695
-0.2944336
-2
-2
-0.39453125
1.034668
-0.64941406
-2
-2
0.24316406
0.859375
-1.15625
-2
-2
0.40234375
1.0219727
-1.2890625
-2
-1.8447266
0.3486328
0.71533203
-1.5268555
-2
-1.5336914
0.96435547
0.5629883
-2
-2
-1.2729492
0.9873047
0.4633789
-2
-2
-0.8964844
0.78222656
0.044433594
-2
-2
-0.5058594
1.3408203
-0.17578125
-2
-2
-0.46044922
1.3339844
-0.44873047
-2
-2
-0.17822266
0.8413086
-0.8730469
-2
-2
0.41064453
0.9433594
-1.2680664
-2
-2
0.3149414
0.9663086
-1.3046875
-2
-1.762207
0.48632812
0.62402344
-1.6635742
-2
-1.5043945
1.0698242
0.60058594
-2
-2
-1.2099609
0.9169922
0.42138672
-2
-2
-0.7885742
0.8486328
0.009277344
-2
-2
-0.48242188
1.4033203
-0.20361328
-2
-2
-0.45751953
1.2490234
-0.50878906
-2
-2
-0.09375
0.8339844
-0.9458008
-2
-2
0.453125
1.0014648
-1.2431641
-2
-2
0.30615234
0.97802734
-1.3022461
-2
-1.7236328
0.59277344
0.6113281
-1.7641602
-2
-1.4760742
1.1142578
0.6171875
-2
-2
-1.1630859
0.8647461
0.35888672
-2
-2
-0.7675781
0.9243164
-0.034179688
-2
-2
-0.44726562
1.4765625
-0.21972656
-2
-2
-0.43359375
1.1694336
-0.54785156
-2
-2
0.04736328
0.8569336
-1.0073242
-2
-2
0.42626953
1.0117188
-1.269043
-2
-2
0.26611328
0.9116211
-1.3417969
-2
-1.7368164
0.5932617
0.5961914
-1.7412109
-2
-1.4990234
1.090332
0.6010742
-2
-2
-1.2700195
0.9267578
0.4638672
-2
-2
-0.95947266
0.74658203
0.13330078
-2
-2
-0.64697266
1.0981445
-0.099609375
-2
-2
-0.47509766
1.4282227
-0.22607422
-2
-2
-0.4609375
1.2480469
-0.45898438
-2
-2
-0.22167969
0.8833008
-0.7607422
-2
-2
0.28173828
0.8857422
-1.1137695
-2
-2
0.44189453
1.0380859
-1.2529297
-2
-2
0.2919922
0.9819336
-1.2617188
-2
-1.8105469
0.45654297
0.7026367
-1.5454102
-2
-1.5957031
0.921875
0.58740234
-1.9213867
-2
-1.3881836
1.109375
0.61572266
-2
-2
-1.1367188
0.79052734
0.32373047
-2
-2
-0.8125
0.85546875
-0.022949219
-2
-2
-0.51660156
1.3828125
-0.16748047
-2
-2
-0.47070312
1.3745117
-0.37890625
-2
-2
-0.30517578
0.9428711
-0.7089844
-2
-2
0.2993164
0.9003906
-1.1289062
-2
-2
0.44140625
1.0639648
-1.2539062
-2
-1.9838867
0.2783203
0.8696289
-1.3710938
-2
-1.7148438
0.6791992
0.5727539
-1.8388672
-2
-1.4580078
1.1367188
0.63720703
-2
-2
-1.1582031
0.8828125
0.4033203
-2
-2
-0.7836914
0.91064453
0.016601562
-2
-2
-0.45166016
1.4663086
-0.19970703
-2
-2
-0.46826172
1.2939453
-0.4326172
-2
-2
-0.13476562
0.8544922
-0.8676758
-2
-2
0.4296875
0.9536133
-1.2250977
-2
-2
0.36523438
1.0703125
-1.2685547
-2
-1.8735352
0.39013672
0.72998047
-1.5385742
-2
-1.609375
0.96728516
0.59472656
-2
-2
-1.3491211
1.0888672
0.57958984
-2
-2
-0.9848633
0.77441406
0.16601562
-2
-2
-0.60839844
1.2045898
-0.115722656
-2
-2
-0.44873047
1.4868164
-0.33203125
-2
-2
-0.33544922
0.98046875
-0.7363281
-2
-2
0.3413086
0.9213867
-1.1835938
-2
-2
0.4033203
1.0737305
-1.2504883
-2
-1.8271484
0.45166016
0.75341797
-1.5947266
-2
-1.5405273
1.0766602
0.64160156
-2
-2
-1.2202148
0.9716797
0.4814453
-2
-2
-0.80029297
0.89941406
0.032226562
-2
-2
-0.46777344
1.4711914
-0.19335938
-2
-2
-0.46191406
1.2021484
-0.55859375
-2
-2
0.057617188
0.8544922
-1.0639648
-2
-2
0.44873047
1.0429688
-1.3037109
-2
-2
0.30078125
0.8588867
-1.4291992
-2
-1.6450195
0.86376953
0.59716797
-1.9609375
-2
-1.3696289
1.1069336
0.5854492
-2
-2
-0.96484375
0.7998047
0.14648438
-2
-2
-0.5410156
1.3447266
-0.11669922
-2
-2
-0.44433594
1.4199219
-0.4111328
-2
-2
-0.16992188
0.89208984
-0.8544922
-2
-2
0.4555664
0.9741211
-1.2260742
-2
-2
0.3173828
1.0092773
-1.2885742
-2
-1.7719727
0.5488281
0.6723633
-1.7075195
-2
-1.5185547
1.1064453
0.62353516
-2
-2
-1.2119141
0.92285156
0.41064453
-2
-2
-0.8105469
0.89990234
0.028808594
-2
-2
-0.48242188
1.4414062
-0.20410156
-2
-2
-0.4794922
1.2597656
-0.51464844
-2
-2
-0.03515625
0.875
-0.92529297
-2
-2
0.4658203
1.0053711
-1.2509766
-2
-2
0.3071289
0.9692383
-1.3149414
-2
-1.7202148
0.6191406
0.6459961
-1.7978516
-2
-1.4785156
1.1206055
0.6298828
-2
-2
-1.1508789
0.8564453
0.34960938
-2
-2
-0.73876953
0.97509766
-0.022949219
-2
-2
-0.4736328
1.4907227
-0.22998047
-2
-2
-0.44384766
1.152832
-0.5732422
-2
-2
0.083984375
0.86572266
-1.0078125
-2
-2
0.48046875
1.050293
-1.2480469
-2
-2
0.2993164
0.89453125
-1.3920898
-2
-1.6870117
0.7602539
0.6171875
-1.9125977
-2
-1.4042969
1.1323242
0.61083984
-2
-2
-1.0258789
0.80078125
0.20751953
-2
-2
-0.5986328
1.2070312
-0.091796875
-2
-2
-0.4584961
1.4707031
-0.3618164
-2
-2
-0.25048828
0.94140625
-0.7734375
-2
-2
0.4248047
0.9760742
-1.1948242
-2
-2
0.32910156
1.0019531
-1.3056641
-2
-1.7885742
0.53125
0.671875
-1.7275391
-2
-1.5097656
1.1074219
0.61621094
-2
-2
-1.1694336
0.87939453
0.3642578
-2
-2
-0.7480469
0.9941406
