0
1.2861328
1.2573242
-0.87890625
-2
-1.4223633
1.2539062
1.171875
-0.7963867
-2
-1.421875
1.1791992
1.1357422
-0.6923828
-2
-1.4501953
1.0424805
1.1132812
-0.5776367
-2
-1.4711914
0.8779297
1.1279297
-0.4560547
-2
-1.519043
0.7084961
1.1899414
-0.31591797
-2
-1.5888672
0.5185547
1.2939453
-0.22070312
-2
-1.6313477
0.37646484
1.4389648
-0.11279297
-2
-1.7036133
0.32617188
1.6289062
-0.014648438
-2
-1.7480469
0.34277344
1.7744141
0.05810547
-2
-1.8076172
0.40625
1.8398438
0.071777344
-2
-1.8847656
0.4741211
1.8061523
0.10644531
-2
-1.9731445
0.49316406
1.6655273
0.15820312
-2
-2
0.4501953
1.4804688
0.20898438
-2
-2
0.3696289
1.3139648
0.30664062
-1.9487305
-2
0.23730469
1.203125
0.44628906
-1.8798828
-2
0.11621094
1.1787109
0.58740234
-1.8208008
-2
0.009765625
1.237793
0.7495117
-1.722168
-2
-0.1328125
1.3374023
0.8457031
-1.6240234
-2
-0.22998047
1.4746094
0.9140625
-1.5708008
-2
-0.3696289
1.5605469
0.91064453
-1.5395508
-2
-0.47021484
1.6323242
0.88427734
-1.5209961
-2
-0.52685547
1.675293
0.8515625
-1.4853516
-2
-0.5546875
1.6674805
0.8027344
-1.453125
-2
-0.57666016
1.6269531
0.76660156
-1.4326172
-2
-0.5908203
1.565918
0.7368164
-1.3730469
-2
-0.6064453
1.4467773
0.73828125
-1.3115234
-2
-0.6479492
1.3012695
0.77978516
-1.2138672
-2
-0.7104492
1.1801758
0.8510742
-1.1220703
-2
-0.7807617
1.0595703
0.97216797
-1.0273438
-2
-0.87060547
0.9658203
1.1142578
-0.9526367
-2
-0.9555664
0.9501953
1.2666016
-0.89746094
-2
-1.0576172
0.9663086
1.3842773
-0.8652344
-2
-1.1445312
1.0390625
1.4477539
-0.86865234
-2
-1.2431641
1.1518555
1.4550781
-0.87597656
-2
-1.2998047
1.2578125
1.3891602
-0.90966797
-2
-1.3740234
1.2709961
1.2636719
-0.86035156
-2
-1.402832
1.2114258
1.1533203
-0.7553711
-2
-1.4477539
1.0415039
1.0874023
-0.60009766
-2
-1.4985352
0.83740234
1.1254883
-0.42578125
-2
-1.5473633
0.6484375
1.215332
-0.27148438
-2
-1.6142578
0.4663086
1.3417969
-0.14404297
-2
-1.6572266
0.3618164
1.5068359
-0.048339844
-2
-1.7016602
0.32861328
1.6630859
0.0234375
-2
-1.7631836
0.3564453
1.7792969
0.053710938
-2
-1.8154297
0.4140625
1.8320312
0.084472656
-2
-1.8950195
0.45410156
1.8037109
0.115234375
-2
-1.9711914
0.5024414
1.6865234
0.17871094
-1.9990234
-2
0.47851562
1.5292969
0.21679688
-1.9638672
-2
0.42138672
1.3657227
0.3095703
-1.8994141
-2
0.32666016
1.2436523
0.4638672
-1.8261719
-2
0.19580078
1.2016602
0.6123047
-1.7587891
-2
0.04345703
1.2329102
0.73535156
-1.6660156
-2
-0.12011719
1.3476562
0.8359375
-1.6054688
-2
-0.26416016
1.4560547
0.89746094
-1.5249023
-2
-0.3935547
1.5639648
0.9008789
-1.4814453
-2
-0.4892578
1.6425781
0.8803711
-1.4682617
-2
-0.5571289
1.6533203
0.82470703
-1.4648438
-2
-0.58251953
1.5996094
0.76220703
-1.4213867
-2
-0.6035156
1.4663086
0.72314453
-1.340332
-2
-0.63916016
1.2973633
0.7910156
-1.1918945
-2
-0.7050781
1.1362305
0.9160156
-1.0664062
-2
-0.80126953
1.0009766
1.0737305
-0.9433594
-2
-0.9399414
0.95166016
1.2304688
-0.88134766
-2
-1.0483398
0.96484375
1.3681641
-0.86279297
-2
-1.15625
1.0322266
1.4550781
-0.87646484
-2
-1.2426758
1.1411133
1.4638672
-0.91552734
-2
-1.3085938
1.2211914
1.4174805
-0.9189453
-2
-1.3422852
1.2758789
1.3193359
-0.91064453
-2
-1.3642578
1.2836914
1.2407227
-0.84521484
-2
-1.40625
1.2148438
1.1508789
-0.7548828
-2
-1.4477539
1.0717773
1.0849609
-0.63964844
-2
-1.4970703
0.8984375
1.0771484
-0.48242188
-2
-1.5488281
0.7138672
1.1459961
-0.34228516
-2
-1.5883789
0.53759766
1.269043
-0.2163086
-2
-1.6254883
0.43847656
1.4023438
-0.08544922
-2
-1.6582031
0.38623047
1.5546875
-0.010742188
-2
-1.6923828
0.3466797
1.6933594
0.036132812
-2
-1.7753906
0.35107422
1.8032227
0.072753906
-2
-1.8144531
0.3852539
1.847168
0.067871094
-2
-1.8666992
0.39208984
1.8339844
0.059570312
-2
-1.9169922
0.4453125
1.7836914
0.07714844
-2
-1.9760742
0.48876953
1.7001953
0.08886719
-2
-2
0.45361328
1.5957031
0.15917969
-2
-2
0.45458984
1.4526367
0.23095703
-1.9633789
-2
0.3930664
1.3496094
0.32177734
-1.8876953
-2
0.33496094
1.2495117
0.42626953
-1.8359375
-2
0.2368164
1.2114258
0.5541992
-1.7900391
-2
0.1352539
1.2182617
0.6381836
-1.7539062
-2
0.020507812
1.2294922
0.734375
-1.6987305
-2
-0.09082031
1.2875977
0.8208008
-1.6513672
-2
-0.19921875
1.3803711
0.8779297
-1.5908203
-2
-0.2836914
1.4907227
0.9067383
-1.543457
-2
-0.38916016
1.5922852
0.9165039
-1.5058594
-2
-0.4580078
1.6689453
0.8725586
-1.4633789
-2
-0.51660156
1.6782227
0.85791016
-1.4633789
-2
-0.5576172
1.6723633
0.8076172
-1.4609375
-2
-0.59765625
1.6264648
0.7729492
-1.418457
-2
-0.6171875
1.5244141
0.7216797
-1.3730469
-2
-0.6611328
1.4057617
0.7573242
-1.2895508
-2
-0.68115234
1.2636719
0.8208008
-1.2124023
-2
-0.7451172
1.1079102
0.9013672
-1.0917969
